Distance_(microns)	Gray_Value
0.00000	0.000
0.00365	27.606
0.00730	187.555
0.01095	242.078
0.01459	238.092
0.01824	278.188
0.02189	282.593
0.02554	75.430
0.02919	143.941
0.03284	122.873
0.03648	178.001
0.04013	435.579
0.04378	401.068
0.04743	378.222
0.05108	217.204
0.05473	188.270
0.05838	215.561
0.06202	34.076
0.06567	702.121
0.06932	79.935
0.07297	0.000
0.07662	0.000
0.08027	40.434
0.08391	27.656
0.08756	114.368
0.09121	86.564
0.09486	125.918
0.09851	127.343
0.10216	286.000
0.10581	286.000
0.10945	286.000
0.11310	175.674
0.11675	15.276
0.12040	0.000
0.12405	56.160
0.12770	107.836
0.13134	64.989
0.13499	79.004
0.13864	179.668
0.14229	286.000
0.14594	157.675
0.14959	268.369
0.15324	225.857
0.15688	151.591
0.16053	92.504
0.16418	106.227
0.16783	52.914
0.17148	93.547
0.17513	68.699
0.17878	137.484
0.18242	495.931
0.18607	425.102
0.18972	14.427
0.19337	251.205
0.19702	204.528
0.20067	149.748
0.20431	108.287
0.20796	0.000
0.21161	0.000
0.21526	0.000
0.21891	67.455
0.22256	30.217
0.22621	220.653
0.22985	190.950
0.23350	30.552
0.23715	0.000
0.24080	0.000
0.24445	0.000
0.24810	0.000
0.25174	24.856
0.25539	202.093
0.25904	377.602
0.26269	181.741
0.26634	0.000
0.26999	211.462
0.27364	0.000
0.27728	0.000
0.28093	187.789
0.28458	195.611
0.28823	118.445
0.29188	57.357
0.29553	154.072
0.29917	0.383
0.30282	89.606
0.30647	0.000
0.31012	0.000
0.31377	43.700
0.31742	57.820
0.32107	0.000
0.32471	0.000
0.32836	0.000
0.33201	6.739
0.33566	0.000
0.33931	0.267
0.34296	168.811
0.34660	234.158
0.35025	45.828
0.35390	0.000
0.35755	38.190
0.36120	274.967
0.36485	498.736
0.36850	211.454
0.37214	101.235
0.37579	48.742
0.37944	103.371
0.38309	48.024
0.38674	96.967
0.39039	117.755
0.39403	0.000
0.39768	77.748
0.40133	457.392
0.40498	51.992
0.40863	0.000
0.41228	0.000
0.41593	0.000
0.41957	171.695
0.42322	275.816
0.42687	39.039
0.43052	70.535
0.43417	203.521
0.43782	139.313
0.44147	152.250
0.44511	331.423
0.44876	239.352
0.45241	146.907
0.45606	271.545
0.45971	65.735
0.46336	64.499
0.46700	224.896
0.47065	57.709
0.47430	0.000
0.47795	142.180
0.48160	6.094
0.48525	18.542
0.48890	232.997
0.49254	82.320
0.49619	0.000
0.49984	100.485
0.50349	158.109
0.50714	274.252
0.51079	138.332
0.51443	27.979
0.51808	182.463
0.52173	251.243
0.52538	224.047
0.52903	96.226
0.53268	61.776
0.53633	37.898
0.53997	0.400
0.54362	44.423
0.54727	88.284
0.55092	482.535
0.55457	261.509
0.55822	18.333
0.56186	248.084
0.56551	200.083
0.56916	205.553
0.57281	553.162
0.57646	76.681
0.58011	49.223
0.58376	280.457
0.58740	370.312
0.59105	468.211
0.59470	143.072
0.59835	506.745
0.60200	307.589
0.60565	135.149
0.60929	426.254
0.61294	324.391
0.61659	247.877
0.62024	188.404
0.62389	28.006
0.62754	396.083
0.63119	295.022
0.63483	112.467
0.63848	36.649
0.64213	405.314
0.64578	342.351
0.64943	67.251
0.65308	221.769
0.65672	846.423
0.66037	567.039
0.66402	466.344
0.66767	574.615
0.67132	749.288
0.67497	428.093
0.67862	391.501
0.68226	129.687
0.68591	770.179
0.68956	978.499
0.69321	1058.994
0.69686	1280.267
0.70051	1203.314
0.70415	481.554
0.70780	656.498
0.71145	790.275
0.71510	1267.881
0.71875	825.847
0.72240	800.564
0.72605	554.119
0.72969	333.691
0.73334	727.701
0.73699	754.888
0.74064	288.707
0.74429	298.903
0.74794	492.095
0.75159	420.558
0.75523	371.803
0.75888	585.107
0.76253	279.327
0.76618	230.688
0.76983	190.101
0.77348	176.576
0.77712	253.087
0.78077	295.355
0.78442	452.561
0.78807	1005.771
0.79172	1039.411
0.79537	1208.430
0.79902	798.916
0.80266	647.747
0.80631	20.980
0.80996	819.572
0.81361	466.604
0.81726	554.337
0.82091	622.671
0.82455	37.221
0.82820	190.267
0.83185	65.806
0.83550	203.380
0.83915	117.755
0.84280	665.388
0.84645	791.369
0.85009	498.223
0.85374	861.374
0.85739	364.375
0.86104	388.499
0.86469	116.655
0.86834	291.289
0.87198	525.084
0.87563	361.037
0.87928	655.005
0.88293	741.664
0.88658	919.147
0.89023	139.820
0.89388	678.188
0.89752	379.804
0.90117	356.941
0.90482	635.084
0.90847	444.661
0.91212	235.845
0.91577	401.777
0.91941	310.526
0.92306	424.738
0.92671	505.211
0.93036	544.044
0.93401	467.398
0.93766	393.625
0.94131	632.428
0.94495	483.882
0.94860	273.290
0.95225	488.036
0.95590	808.049
0.95955	189.336
0.96320	190.913
0.96684	243.451
0.97049	257.006
0.97414	488.800
0.97779	528.010
0.98144	506.359
0.98509	255.647
0.98874	384.799
0.99238	440.658
0.99603	251.658
0.99968	14.949
1.00333	0.000
1.00698	112.537
1.01063	312.225
1.01428	528.715
1.01792	156.164
1.02157	7.562
1.02522	135.623
1.02887	112.681
1.03252	105.489
1.03617	34.795
1.03981	271.573
1.04346	38.341
1.04711	180.345
1.05076	142.263
1.05441	348.956
1.05806	187.421
1.06171	0.000
1.06535	50.567
1.06900	39.527
1.07265	101.311
1.07630	151.526
1.07995	268.274
1.08360	14.339
1.08724	25.989
1.09089	196.890
1.09454	225.980
1.09819	0.000
1.10184	8.557
1.10549	33.305
1.10914	194.344
1.11278	156.181
1.11643	175.674
1.12008	274.568
1.12373	150.652
1.12738	234.231
1.13103	100.991
1.13467	0.000
1.13832	84.766
1.14197	131.543
1.14562	0.000
1.14927	0.000
1.15292	0.000
1.15657	99.060
1.16021	163.493
1.16386	236.155
1.16751	21.217
1.17116	209.804
1.17481	147.086
1.17846	260.943
1.18210	237.850
1.18575	10.101
1.18940	425.226
1.19305	97.225
1.19670	0.000
1.20035	0.000
1.20400	0.000
1.20764	5.928
1.21129	253.924
1.21494	89.110
1.21859	46.886
1.22224	176.714
1.22589	0.000
1.22953	1.269E-19
1.23318	132.792
1.23683	86.468
1.24048	189.152
1.24413	320.168
1.24778	197.913
1.25143	5.928
1.25507	210.570
1.25872	55.329
1.26237	135.143
1.26602	332.113
1.26967	129.921
1.27332	40.982
1.27696	19.743
1.28061	25.057
1.28426	68.608
1.28791	68.558
1.29156	123.356
1.29521	2.659
1.29886	71.862
1.30250	34.561
1.30615	136.577
1.30980	76.078
1.31345	14.287
1.31710	363.427
1.32075	169.828
1.32440	62.849
1.32804	180.230
1.33169	270.638
1.33534	208.595
1.33899	8.172
1.34264	116.768
1.34629	7.751
1.34993	242.720
1.35358	79.213
1.35723	207.492
1.36088	240.625
1.36453	150.292
1.36818	178.531
1.37183	366.507
1.37547	61.877
1.37912	808.299
1.38277	344.376
1.38642	127.875
1.39007	122.208
1.39372	268.674
1.39736	62.521
1.40101	317.925
1.40466	240.498
1.40831	77.921
1.41196	170.624
1.41561	249.229
1.41926	685.696
1.42290	210.755
1.42655	397.429
1.43020	193.950
1.43385	273.485
1.43750	293.589
1.44115	288.995
1.44479	732.159
1.44844	351.603
1.45209	142.576
1.45574	188.733
1.45939	593.297
1.46304	42.403
1.46669	232.534
1.47033	286.338
1.47398	373.763
1.47763	966.954
1.48128	627.426
1.48493	643.574
1.48858	665.156
1.49222	548.882
1.49587	153.529
1.49952	256.473
1.50317	733.869
1.50682	189.907
1.51047	553.836
1.51412	573.000
1.51776	750.483
1.52141	400.837
1.52506	420.866
1.52871	324.023
1.53236	488.433
1.53601	558.601
1.53965	571.614
1.54330	452.853
1.54695	1777.210
1.55060	1745.255
1.55425	753.786
1.55790	498.895
1.56155	963.347
1.56519	823.487
1.56884	573.000
1.57249	573.000
1.57614	1073.222
1.57979	1063.404
1.58344	184.527
1.58709	133.989
1.59073	987.754
1.59438	928.981
1.59803	753.355
1.60168	653.945
1.60533	838.061
1.60898	352.728
1.61262	1497.751
1.61627	1169.768
1.61992	939.653
1.62357	1430.407
1.62722	993.439
1.63087	299.937
1.63452	965.068
1.63816	1000.415
1.64181	899.205
1.64546	396.283
1.64911	913.205
1.65276	319.512
1.65641	945.666
1.66005	889.499
1.66370	1082.608
1.66735	1221.250
1.67100	945.365
1.67465	605.651
1.67830	1654.420
1.68195	821.316
1.68559	861.539
1.68924	508.203
1.69289	717.933
1.69654	1247.993
1.70019	1056.467
1.70384	1233.598
1.70748	926.490
1.71113	1262.955
1.71478	721.991
1.71843	842.116
1.72208	952.690
1.72573	1299.233
1.72938	1430.515
1.73302	793.393
1.73667	631.450
1.74032	578.592
1.74397	297.827
1.74762	812.936
1.75127	1127.849
1.75491	1045.087
1.75856	771.611
1.76221	1238.561
1.76586	1014.732
1.76951	423.609
1.77316	817.642
1.77681	744.928
1.78045	868.499
1.78410	531.235
1.78775	557.799
1.79140	499.887
1.79505	552.003
1.79870	529.567
1.80234	320.315
1.80599	636.872
1.80964	579.071
1.81329	347.436
1.81694	345.729
1.82059	109.614
1.82424	429.534
1.82788	81.846
1.83153	467.531
1.83518	473.698
1.83883	617.075
1.84248	406.776
1.84613	682.571
1.84977	522.521
1.85342	556.988
1.85707	265.132
1.86072	7.672
1.86437	808.221
1.86802	402.347
1.87167	202.548
1.87531	70.837
1.87896	17.966
1.88261	89.001
1.88626	294.236
1.88991	269.384
1.89356	185.914
1.89721	272.272
1.90085	419.526
1.90450	0.000
1.90815	88.891
1.91180	455.367
1.91545	159.458
1.91910	0.400
1.92274	111.732
1.92639	0.000
1.93004	0.000
1.93369	59.667
1.93734	280.625
1.94099	423.631
1.94464	32.402
1.94828	14.022
1.95193	0.982
1.95558	129.974
1.95923	155.581
1.96288	331.751
1.96653	155.933
1.97017	15.125
1.97382	267.458
1.97747	279.906
1.98112	60.877
1.98477	106.932
1.98842	265.964
1.99207	228.529
1.99571	445.067
1.99936	185.533
2.00301	124.726
2.00666	0.000
2.01031	99.422
2.01396	241.217
2.01760	235.929
2.02125	230.044
2.02490	109.735
2.02855	0.000
2.03220	24.095
2.03585	15.550
2.03950	0.000
2.04314	0.000
2.04679	0.000
2.05044	0.000
2.05409	7.492
2.05774	82.237
2.06139	88.133
2.06503	168.036
2.06868	167.187
2.07233	38.409
2.07598	283.703
2.07963	112.789
2.08328	177.484
2.08693	58.558
2.09057	0.000
2.09422	0.000
2.09787	0.000
2.10152	9.559
2.10517	290.881
2.10882	253.817
2.11246	278.688
2.11611	352.567
2.11976	242.456
2.12341	313.315
2.12706	13.641
2.13071	0.000
2.13436	99.790
2.13800	86.307
2.14165	1.587
2.14530	0.000
2.14895	120.656
2.15260	17.051
2.15625	44.725
2.15989	0.000
2.16354	0.000
2.16719	0.000
2.17084	0.000
2.17449	90.389
2.17814	170.553
2.18179	345.756
2.18543	491.154
2.18908	75.888
2.19273	0.000
2.19638	0.000
2.20003	51.769
2.20368	202.093
2.20733	24.856
2.21097	27.454
2.21462	56.898
2.21827	1.524
2.22192	29.192
2.22557	311.961
2.22922	75.115
2.23286	21.524
2.23651	0.000
2.24016	135.146
2.24381	0.000
2.24746	134.938
2.25111	56.094
2.25476	0.000
2.25840	0.000
2.26205	0.000
2.26570	0.000
2.26935	0.000
2.27300	0.000
2.27665	0.000
2.28029	168.642
2.28394	68.699
2.28759	93.547
2.29124	0.000
2.29489	213.015
2.29854	82.681
2.30219	101.311
2.30583	195.088
2.30948	1.697
2.31313	162.095
2.31678	118.850
2.32043	448.305
2.32408	316.948
2.32772	10.637
2.33137	0.000
2.33502	0.000
2.33867	0.000
2.34232	0.000
2.34597	0.000
2.34962	38.505
2.35326	74.859
2.35691	69.505
2.36056	86.607
2.36421	56.813
2.36786	285.466
2.37151	265.833
2.37515	11.881
2.37880	374.235
2.38245	357.616
2.38610	161.012
2.38975	136.910
2.39340	0.000
2.39705	370.931
2.40069	208.035
2.40434	68.608
2.40799	0.000
2.41164	0.000
2.41529	18.671
2.41894	255.448
2.42259	210.363
2.42623	253.629
2.42988	91.490
2.43353	38.148
2.43718	181.614
2.44083	245.639
2.44448	21.683
2.44812	238.639
2.45177	538.083
2.45542	293.654
2.45907	2.679E-8
